SIZES
  nstack                1835008
  nbuffer               361952
  nplugin               0
  maxuse_stack          324
  maxuse_arena          2808
  maxuse_con            0
  maxuse_efc            0
  solver_iter           0
  solver_nnz            0
  nbodypair_broad       2
  nbodypair_narrow      0
  ngeompair_mid         2
  ngeompair_narrow      0
  ne                    0
  nf                    0
  nefc                  0
  nnzJ                  0
  ncon                  0

TIMER
    0:  duration =  0          number = 0
    1:  duration =  1.6        number = 13
    2:  duration =  0          number = 0
    3:  duration =  1.4        number = 13
    4:  duration =  0.15       number = 13
    5:  duration =  0          number = 0
    6:  duration =  0.055      number = 13
    7:  duration =  0.0047     number = 13
    8:  duration =  0.12       number = 13
    9:  duration =  0.11       number = 13
    10:  duration =  1.1        number = 13
    11:  duration =  0.061      number = 13
    12:  duration =  0.0041     number = 13

ENERGY =   0         0       

TIME =  0       

QPOS
   0       
   0       
   0       
   1       
   0       
   0       
   0       
   0       
   0       
   0       
   0       
   0       
   0       
   0       
   0       
   0       
   0       
   0       
   0       

QVEL
   0       
   0       
   0       
   0       
   0       
   0       
   0       
   0       
   0       
   0       
   0       
   0       
   0       
   0       
   0       
   0       
   0       
   0       

QACC_WARMSTART
  -2e-16   
  -5.1e-16 
  -9.8     
  -4.1e-15 
  -2.2e-15 
  -3.6e-15 
  -9.3e-16 
   2.9e-14 
   5.2e-14 
  -1.2e-15 
  -3e-14   
   3.4e-14 
  -8e-15   
   9.2e-15 
   1.2e-14 
   3.8e-14 
  -7.3e-14 
   7.8e-14 

QFRC_APPLIED
   0       
   0       
   0       
   0       
   0       
   0       
   0       
   0       
   0       
   0       
   0       
   0       
   0       
   0       
   0       
   0       
   0       
   0       

XFRC_APPLIED
   0         0         0         0         0         0       
   0         0         0         0         0         0       
   0         0         0         0         0         0       
   0         0         0         0         0         0       
   0         0         0         0         0         0       
   0         0         0         0         0         0       
   0         0         0         0         0         0       
   0         0         0         0         0         0       
   0         0         0         0         0         0       
   0         0         0         0         0         0       
   0         0         0         0         0         0       
   0         0         0         0         0         0       
   0         0         0         0         0         0       
   0         0         0         0         0         0       

QACC
  -2e-16   
  -5.1e-16 
  -9.8     
  -4.1e-15 
  -2.2e-15 
  -3.6e-15 
  -9.3e-16 
   2.9e-14 
   5.2e-14 
  -1.2e-15 
  -3e-14   
   3.4e-14 
  -8e-15   
   9.2e-15 
   1.2e-14 
   3.8e-14 
  -7.3e-14 
   7.8e-14 

XPOS
   0         0         0       
   0         0         0       
   0        -0.058    -0.14    
   0.027    -0.099    -0.13    
   0.046    -0.099    -0.26    
   0.072    -0.099    -0.33    
  -0.011    -0.099    -0.51    
  -0.011    -0.099    -0.51    
   0         0.058    -0.14    
   0.027     0.1      -0.13    
   0.046     0.1      -0.26    
   0.072     0.1      -0.33    
  -0.011     0.1      -0.51    
  -0.011     0.1      -0.51    

XQUAT
   1         0         0         0       
   1         0         0         0       
   0.98      0        -0.18      0       
   0.98      0        -0.18      0       
   0.98      0        -0.18      0       
   0.98      0         0.21      0       
   1         0        -2.8e-17   0       
   1         0        -2.8e-17   0       
   0.98      0        -0.18      0       
   0.98      0        -0.18      0       
   0.98      0        -0.18      0       
   0.98      0         0.21      0       
   1         0        -2.8e-17   0       
   1         0        -2.8e-17   0       

XMAT
   1         0         0         0         1         0         0         0         1       
   1         0         0         0         1         0         0         0         1       
   0.93     -0        -0.36      0         1        -0         0.36      0         0.93    
   0.93     -0        -0.36      0         1        -0         0.36      0         0.93    
   0.93     -0        -0.36      0         1        -0         0.36      0         0.93    
   0.91      0         0.42      0         1         0        -0.42      0         0.91    
   1        -0        -5.6e-17   0         1        -0         5.6e-17   0         1       
   1        -0        -5.6e-17   0         1        -0         5.6e-17   0         1       
   0.93     -0        -0.36      0         1        -0         0.36      0         0.93    
   0.93     -0        -0.36      0         1        -0         0.36      0         0.93    
   0.93     -0        -0.36      0         1        -0         0.36      0         0.93    
   0.91      0         0.42      0         1         0        -0.42      0         0.91    
   1        -0        -5.6e-17   0         1        -0         5.6e-17   0         1       
   1        -0        -5.6e-17   0         1        -0         5.6e-17   0         1       

XIPOS
   0         0         0       
  -0.00019   0.00037   0.015   
  -0.00061  -0.098    -0.14    
   0.029    -0.099    -0.21    
   0.06     -0.098    -0.3     
   0.049    -0.1      -0.38    
  -0.011    -0.099    -0.51    
   0.0075   -0.099    -0.53    
  -0.00061   0.098    -0.14    
   0.029     0.1      -0.21    
   0.06      0.098    -0.3     
   0.048     0.1      -0.38    
  -0.011     0.1      -0.51    
   0.0075    0.1      -0.53    

XIMAT
   1         0         0         0         1         0         0         0         1       
   1        -0.00046  -0.0023    0.00031   1        -0.061     0.0024    0.061     1       
  -0.36     -0.93     -0.029    -1.1e-16   0.031    -1         0.93     -0.36     -0.011   
  -6.6e-05  -0.95     -0.32      1        -8e-05     3.2e-05  -5.6e-05  -0.32      0.95    
   0.93     -0.28     -0.23      0         0.64     -0.77      0.36      0.72      0.6     
   0.034    -0.92      0.4       1         0.029    -0.019     0.0053    0.4       0.92    
   0         0         1         1         0         0         0         1         0       
   0.028     4.5e-05   1        -3.4e-06  -1         4.5e-05   1        -4.6e-06  -0.028   
  -0.36     -0.93      0.029     0        -0.031    -1         0.93     -0.36      0.011   
  -5.6e-17  -0.95     -0.32      1         0         0         0        -0.32      0.95    
   0.93     -0.28      0.23      0        -0.64     -0.77      0.36      0.72     -0.6     
  -0.032    -0.92      0.4       1        -0.027     0.018    -0.006     0.4       0.92    
   0         0         1         1         0         0         0         1         0       
   0.028     4.5e-05   1        -3.4e-06  -1         4.5e-05   1        -4.6e-06  -0.028   

XANCHOR
   0         0         0       
   0        -0.058    -0.14    
   0.027    -0.099    -0.13    
   0.046    -0.099    -0.26    
   0.072    -0.099    -0.33    
  -0.011    -0.099    -0.51    
  -0.011    -0.099    -0.51    
   0         0.058    -0.14    
   0.027     0.1      -0.13    
   0.046     0.1      -0.26    
   0.072     0.1      -0.33    
  -0.011     0.1      -0.51    
  -0.011     0.1      -0.51    

XAXIS
   0         0         1       
   0         1         0       
   0.93      0         0.36    
  -0.36      0         0.93    
   0         1         0       
   0         1         0       
   1         0         5.6e-17 
   0         1         0       
   0.93      0         0.36    
  -0.36      0         0.93    
   0         1         0       
   0         1         0       
   1         0         5.6e-17 

GEOM_XPOS
  -0.0013    0.0023    0.084   
  -0.0013    0.0023    0.084   
   0.0007   -0.099    -0.14    
   0        -0.058    -0.14    
   0.036    -0.1      -0.23    
   0.027    -0.099    -0.13    
   0.046    -0.099    -0.26    
   0.046    -0.099    -0.26    
   0.042    -0.1      -0.4     
   0.072    -0.099    -0.33    
  -0.011    -0.099    -0.51    
  -0.011    -0.099    -0.51    
  -0.0005   -0.099    -0.53    
  -0.0005   -0.099    -0.53    
   0.0007    0.099    -0.14    
   0         0.058    -0.14    
   0.036     0.099    -0.23    
   0.027     0.1      -0.13    
   0.046     0.1      -0.26    
   0.046     0.1      -0.26    
   0.042     0.1      -0.39    
   0.072     0.1      -0.33    
  -0.011     0.1      -0.51    
  -0.011     0.1      -0.51    
  -0.0005    0.1      -0.53    
  -0.0005    0.1      -0.53    

GEOM_XMAT
   1        -0.0016    0.016     0.0044    0.99     -0.17     -0.016     0.17      0.99    
   1        -0.0016    0.016     0.0044    0.99     -0.17     -0.016     0.17      0.99    
   0.93     -0.29     -0.21      2.8e-17   0.59     -0.81      0.36      0.75      0.55    
   0.93     -0        -0.36      0         1        -0         0.36      0         0.93    
  -0.36      0.63      0.68     -5.6e-17  -0.73      0.68      0.93      0.25      0.26    
   0.93     -0        -0.36      0         1        -0         0.36      0         0.93    
   0.93     -0        -0.36      0         1        -0         0.36      0         0.93    
   0.93     -0        -0.36      0         1        -0         0.36      0         0.93    
   0.38     -0.84      0.38      0.92      0.39     -0.054    -0.1       0.37      0.92    
   0.91      0         0.42      0         1         0        -0.42      0         0.91    
  -1.6e-05  -3.4e-05   1         1         0         1.6e-05  -5.3e-10   1         3.4e-05 
   1        -0        -5.6e-17   0         1        -0         5.6e-17   0         1       
   0.1      -4.4e-05   0.99     -5.2e-05  -1        -3.9e-05   0.99     -4.8e-05  -0.1     
   0.1      -4.4e-05   0.99     -5.2e-05  -1        -3.9e-05   0.99     -4.8e-05  -0.1     
   0.93     -0        -0.36      0         1        -0         0.36      0         0.93    
   0.93     -0        -0.36      0         1        -0         0.36      0         0.93    
  -0.36      0         0.93      0        -1         0         0.93      0         0.36    
   0.93     -0        -0.36      0         1        -0         0.36      0         0.93    
   0.93     -0        -0.36      0         1        -0         0.36      0         0.93    
   0.93     -0        -0.36      0         1        -0         0.36      0         0.93    
   0.78      0.47      0.41     -0.54      0.84      0.057    -0.31     -0.26      0.91    
   0.91      0         0.42      0         1         0        -0.42      0         0.91    
  -1.6e-05  -3.4e-05   1         1         0         1.6e-05  -5.3e-10   1         3.4e-05 
   1        -0        -5.6e-17   0         1        -0         5.6e-17   0         1       
   0.1      -4.4e-05   0.99     -5.2e-05  -1        -3.9e-05   0.99     -4.8e-05  -0.1     
   0.1      -4.4e-05   0.99     -5.2e-05  -1        -3.9e-05   0.99     -4.8e-05  -0.1     

SUBTREE_COM
   0.016     0.00021  -0.15    
   0.016     0.00021  -0.15    
   0.031    -0.099    -0.31    
   0.039    -0.1      -0.35    
   0.043    -0.1      -0.4     
   0.041    -0.1      -0.41    
   0.007    -0.099    -0.53    
   0.0075   -0.099    -0.53    
   0.031     0.099    -0.31    
   0.039     0.1      -0.35    
   0.042     0.1      -0.4     
   0.04      0.1      -0.41    
   0.007     0.1      -0.53    
   0.0075    0.1      -0.53    

CDOF
   0         0         0         1         0         0       
   0         0         0         0         1         0       
   0         0         0         0         0         1       
   1         0         0        -0         0.15      0.00021 
   0         1         0        -0.15      0        -0.016   
   0         0         1        -0.00021   0.016     0       
   0         1         0        -0.0091    0        -0.016   
   0.93      0         0.36     -0.036     0.014     0.093   
  -0.36      0         0.93     -0.093     0.011    -0.036   
   0         1         0         0.18     -0         0.056   
   0         1         0         0.36      0        -0.027   
   1         0         5.6e-17  -5.5e-18  -0.36      0.1     
   0         1         0        -0.0091    0        -0.016   
   0.93      0         0.36      0.036     0.014    -0.093   
  -0.36      0         0.93      0.093     0.011     0.036   
   0         1         0         0.18     -0         0.056   
   0         1         0         0.36      0        -0.027   
   1         0         5.6e-17   5.5e-18  -0.36     -0.099   

CINERT
   0         0         0         0         0         0         0         0         0         0       
   0.35      0.27      0.086     4.2e-05   0.018    -0.00013  -0.11      0.0011    1.1       6.7     
   0.007     0.00069   0.0072   -0.0011    9.6e-05   0.00059  -0.011    -0.066     0.0061    0.68    
   0.013     0.0051    0.0089    0.001     0.00089  -0.0051    0.01     -0.08     -0.051     0.8     
   0.007     0.0052    0.0028    0.00092   0.0014   -0.0031    0.0095   -0.021    -0.031     0.22    
   0.099     0.087     0.018     0.0049    0.0095   -0.034     0.049    -0.15     -0.34      1.5     
   0.0012    0.0012    9.6e-05  -2.4e-05  -8.6e-05  -0.00032  -0.00024  -0.00089  -0.0032    0.0089  
   0.054     0.051     0.0043   -0.00029  -0.0011   -0.013    -0.0029   -0.035    -0.13      0.35    
   0.007     0.00069   0.0071    0.0011    9.6e-05  -0.00059  -0.011     0.066     0.0061    0.68    
   0.013     0.0051    0.0088   -0.001     0.00089   0.0051    0.01      0.08     -0.051     0.8     
   0.007     0.0052    0.0027   -0.00092   0.0014    0.003     0.0095    0.021    -0.031     0.22    
   0.1       0.087     0.018    -0.0049    0.0094    0.034     0.048     0.15     -0.35      1.5     
   0.0012    0.0012    9.5e-05   2.4e-05  -8.6e-05   0.00032  -0.00024   0.00089  -0.0032    0.0089  
   0.054     0.051     0.0043    0.00029  -0.0011    0.013    -0.0029    0.035    -0.13      0.35    

CRB
   0         0         0         0         0         0         0         0         0         0       
   0.71      0.57      0.17      7.5e-05   0.039    -0.00022   0         5.6e-17   3.3e-16   14      
   0.18      0.15      0.041     0.0055    0.011    -0.055     0.054    -0.35     -0.56      3.5     
   0.17      0.15      0.034     0.0066    0.011    -0.056     0.065    -0.29     -0.56      2.9     
   0.16      0.14      0.025     0.0055    0.0097   -0.051     0.055    -0.21     -0.51      2.1     
   0.16      0.14      0.022     0.0046    0.0083   -0.048     0.045    -0.18     -0.48      1.8     
   0.056     0.053     0.0044   -0.00032  -0.0012   -0.014    -0.0032   -0.036    -0.14      0.36    
   0.054     0.051     0.0043   -0.00029  -0.0011   -0.013    -0.0029   -0.035    -0.13      0.35    
   0.18      0.15      0.041    -0.0054    0.011     0.055     0.054     0.35     -0.56      3.5     
   0.18      0.15      0.034    -0.0065    0.011     0.056     0.065     0.28     -0.56      2.9     
   0.16      0.15      0.025    -0.0055    0.0097    0.051     0.055     0.2      -0.51      2.1     
   0.16      0.14      0.022    -0.0046    0.0083    0.048     0.045     0.18     -0.48      1.8     
   0.056     0.053     0.0044    0.00031  -0.0012    0.014    -0.0032    0.035    -0.14      0.36    
   0.054     0.051     0.0043    0.00029  -0.0011    0.013    -0.0029    0.035    -0.13      0.35    

QM
   14        0         0         0        -2.1      -0.0029   -0.59      0.00012   0.0003   -0.15     -0.0079   -2.8e-23  -0.59     -0.00011  -0.00029  -0.15     -0.0079   -2.8e-23 
   0         14        0         2.1       0         0.22      0         0.59     -0.11      0         0         0.0079    0         0.59     -0.11      0         0         0.0079  
   0         0         14        0.0029   -0.22      0        -0.11     -0.0003    0.00011   0.058    -0.0065    5.1e-07  -0.11      0.00029  -0.00011   0.059    -0.0065    5.1e-07 
   0         2.1       0.0029    1         2.9e-05   0.072     0.011     0.24     -0.053    -0.0058    0.00064   0.0044   -0.011     0.24     -0.053     0.0058   -0.00064   0.0044  
  -2.1       0        -0.22      2.9e-05   0.89      0.00022   0.25      1.7e-05  -6.9e-05   0.074     0.0049   -2.4e-08   0.25     -1.7e-05   6.9e-05   0.074     0.0049   -2.4e-08 
  -0.0029    0.22      0         0.072     0.00022   0.17     -0.059     0.022    -0.00021  -0.015    -0.00079   7.6e-05   0.059     0.022    -0.0002    0.015     0.00079   7.6e-05 
  -0.59      0        -0.11      0.011     0.25     -0.059     0.16      3.4e-05  -2.8e-05   0.052     0.0038   -2.4e-08   0         0         0         0         0         0       
   0.00012   0.59     -0.0003    0.24      1.7e-05   0.022     3.4e-05   0.15     -0.035     3.4e-05  -2.3e-08   0.0031    0         0         0         0         0         0       
   0.0003   -0.11      0.00011  -0.053    -6.9e-05  -0.00021  -2.8e-05  -0.035     0.013     3.3e-05   2.1e-08  -0.0011    0         0         0         0         0         0       
  -0.15      0         0.058    -0.0058    0.074    -0.015     0.052     3.4e-05   3.3e-05   0.028     0.0018    1.3e-08   0         0         0         0         0         0       
  -0.0079    0        -0.0065    0.00064   0.0049   -0.00079   0.0038   -2.3e-08   2.1e-08   0.0018    0.00094  -2.9e-08   0         0         0         0         0         0       
  -2.8e-23   0.0079    5.1e-07   0.0044   -2.4e-08   7.6e-05  -2.4e-08   0.0031   -0.0011    1.3e-08  -2.9e-08   0.00038   0         0         0         0         0         0       
  -0.59      0        -0.11     -0.011     0.25      0.059     0         0         0         0         0         0         0.16     -3.4e-05   2.8e-05   0.053     0.0038   -2.4e-08 
  -0.00011   0.59      0.00029   0.24     -1.7e-05   0.022     0         0         0         0         0         0        -3.4e-05   0.15     -0.035    -3.4e-05  -2.3e-08   0.0031  
  -0.00029  -0.11     -0.00011  -0.053     6.9e-05  -0.0002    0         0         0         0         0         0         2.8e-05  -0.035     0.013    -3.3e-05   2.1e-08  -0.0011  
  -0.15      0         0.059     0.0058    0.074     0.015     0         0         0         0         0         0         0.053    -3.4e-05  -3.3e-05   0.028     0.0018    1.3e-08 
  -0.0079    0        -0.0065   -0.00064   0.0049    0.00079   0         0         0         0         0         0         0.0038   -2.3e-08   2.1e-08   0.0018    0.00094  -2.9e-08 
  -2.8e-23   0.0079    5.1e-07   0.0044   -2.4e-08   7.6e-05   0         0         0         0         0         0        -2.4e-08   0.0031   -0.0011    1.3e-08  -2.9e-08   0.00038 

QLD
   8.8      -4.9e-05  -0.081     0.0011   -1.9      -0.023    -4.6       0.026     0.048    -5.7      -8.5      -7.5e-20  -4.6      -0.026    -0.048    -5.7      -8.5      -7.5e-20 
  -4.9e-05   8.8      -0.00017   0.8       7.4e-06  -0.014     0.008     5        -8.7      -6.1e-05   0.00066   21       -0.0079    5        -8.7      -6.1e-05   0.00066   21      
  -0.081    -0.00017   12        0.0099    1.3       0.00051  -3.3      -0.0058    0.002     2.9      -6.9       0.0013   -3.3       0.0058   -0.0019    2.9      -6.9       0.0013  
   0.0011    0.8       0.0099    0.26      0.00024   0.11      0.33      1.6      -4        -0.29      0.69      12       -0.33      1.6      -4         0.29     -0.68      12      
  -1.9       7.4e-06   1.3       0.00024   0.14      7e-05     1.7      -0.0079   -0.016     2.6       5.2      -6.3e-05   1.7       0.0079    0.016     2.6       5.2      -6.3e-05 
  -0.023    -0.014     0.00051   0.11      7e-05     0.11     -0.46      0.36      0.0037   -0.56     -0.84      0.2       0.46      0.36      0.0042    0.56      0.84      0.2     
  -4.6       0.008    -3.3       0.33      1.7      -0.46      0.065    -0.0043   -0.0089    1.8       4        -6.3e-05   0         0         0         0         0         0       
   0.026     5        -0.0058    1.6      -0.0079    0.36     -0.0043    0.06     -2.6       0.0014    0.00023   8.2       0         0         0         0         0         0       
   0.048    -8.7       0.002    -4        -0.016     0.0037   -0.0089   -2.6       0.0099    0.0013   -7.1e-05  -3         0         0         0         0         0         0       
  -5.7      -6.1e-05   2.9      -0.29      2.6      -0.56      1.8       0.0014    0.0013    0.024     2         3.4e-05   0         0         0         0         0         0       
  -8.5       0.00066  -6.9       0.69      5.2      -0.84      4         0.00023  -7.1e-05   2         0.00094  -7.8e-05   0         0         0         0         0         0       
  -7.5e-20   21        0.0013    12       -6.3e-05   0.2      -6.3e-05   8.2      -3         3.4e-05  -7.8e-05   0.00038   0         0         0         0         0         0       
  -4.6      -0.0079   -3.3      -0.33      1.7       0.46      0         0         0         0         0         0         0.066     0.0043    0.0088    1.8       4        -6.3e-05 
  -0.026     5         0.0058    1.6       0.0079    0.36      0         0         0         0         0         0         0.0043    0.06     -2.6      -0.0014    0.00023   8.2     
  -0.048    -8.7      -0.0019   -4         0.016     0.0042    0         0         0         0         0         0         0.0088   -2.6       0.01     -0.0013   -7.1e-05  -3       
  -5.7      -6.1e-05   2.9       0.29      2.6       0.56      0         0         0         0         0         0         1.8      -0.0014   -0.0013    0.025     2         3.4e-05 
  -8.5       0.00066  -6.9      -0.68      5.2       0.84      0         0         0         0         0         0         4         0.00023  -7.1e-05   2         0.00094  -7.8e-05 
  -7.5e-20   21        0.0013    12       -6.3e-05   0.2       0         0         0         0         0         0        -6.3e-05   8.2      -3         3.4e-05  -7.8e-05   0.00038 

QLDIAGINV
   0.11    
   0.11    
   0.086   
   3.9     
   7.2     
   9       
   15      
   17      
   1e+02   
   41      
   1.1e+03 
   2.7e+03 
   15      
   17      
   1e+02   
   41      
   1.1e+03 
   2.7e+03 

QLDIAGSQRTINV
   0.34    
   0.34    
   0.29    
   2       
   2.7     
   3       
   3.9     
   4.1     
   10      
   6.4     
   33      
   52      
   3.9     
   4.1     
   10      
   6.4     
   33      
   52      

D_rownnz              18 18 18 18 18 18 12 12 12 12 12 12 12 12 12 12 12 12

D_rowadr              0 18 36 54 72 90 108 120 132 144 156 168 180 192 204 216 228 240

D_colind              0 1 2 3 4 5 6 7 8 9 10 11 12 13 14 15 16 17 0 1 2 3 4 5 6 7 8 9 10 11 12 13 14 15 16 17 0 1 2 3 4 5 6 7 8 9 10 11 12 13 14 15 16 17 0 1 2 3 4 5 6 7 8 9 10 11 12 13 14 15 16 17 0 1 2 3 4 5 6 7 8 9 10 11 12 13 14 15 16 17 0 1 2 3 4 5 6 7 8 9 10 11 12 13 14 15 16 17 0 1 2 3 4 5 6 7 8 9 10 11 0 1 2 3 4 5 6 7 8 9 10 11 0 1 2 3 4 5 6 7 8 9 10 11 0 1 2 3 4 5 6 7 8 9 10 11 0 1 2 3 4 5 6 7 8 9 10 11 0 1 2 3 4 5 6 7 8 9 10 11 0 1 2 3 4 5 12 13 14 15 16 17 0 1 2 3 4 5 12 13 14 15 16 17 0 1 2 3 4 5 12 13 14 15 16 17 0 1 2 3 4 5 12 13 14 15 16 17 0 1 2 3 4 5 12 13 14 15 16 17 0 1 2 3 4 5 12 13 14 15 16 17

B_rownnz              18 18 12 12 12 12 12 12 12 12 12 12 12 12

B_rowadr              0 18 36 48 60 72 84 96 108 120 132 144 156 168

B_colind              0 1 2 3 4 5 6 7 8 9 10 11 12 13 14 15 16 17 0 1 2 3 4 5 6 7 8 9 10 11 12 13 14 15 16 17 0 1 2 3 4 5 6 7 8 9 10 11 0 1 2 3 4 5 6 7 8 9 10 11 0 1 2 3 4 5 6 7 8 9 10 11 0 1 2 3 4 5 6 7 8 9 10 11 0 1 2 3 4 5 6 7 8 9 10 11 0 1 2 3 4 5 6 7 8 9 10 11 0 1 2 3 4 5 12 13 14 15 16 17 0 1 2 3 4 5 12 13 14 15 16 17 0 1 2 3 4 5 12 13 14 15 16 17 0 1 2 3 4 5 12 13 14 15 16 17 0 1 2 3 4 5 12 13 14 15 16 17 0 1 2 3 4 5 12 13 14 15 16 17

QDERIV
   0         0         0         0         0         0         0         0         0         0         0         0         0         0         0         0         0         0       
   0         0         0         0         0         0         0         0         0         0         0         0         0         0         0         0         0         0       
   0         0         0         0         0         0         0         0         0         0         0         0         0         0         0         0         0         0       
   0         0         0         0         0         0         0         0         0         0         0         0         0         0         0         0         0         0       
   0         0         0         0         0         0         0         0         0         0         0         0         0         0         0         0         0         0       
   0         0         0         0         0         0         0         0         0         0         0         0         0         0         0         0         0         0       
   0         0         0         0         0         0         0         0         0         0         0         0         0         0         0         0         0         0       
   0         0         0         0         0         0         0         0         0         0         0         0         0         0         0         0         0         0       
   0         0         0         0         0         0         0         0         0         0         0         0         0         0         0         0         0         0       
   0         0         0         0         0         0         0         0         0         0         0         0         0         0         0         0         0         0       
   0         0         0         0         0         0         0         0         0         0         0         0         0         0         0         0         0         0       
   0         0         0         0         0         0         0         0         0         0         0         0         0         0         0         0         0         0       
   0         0         0         0         0         0         0         0         0         0         0         0         0         0         0         0         0         0       
   0         0         0         0         0         0         0         0         0         0         0         0         0         0         0         0         0         0       
   0         0         0         0         0         0         0         0         0         0         0         0         0         0         0         0         0         0       
   0         0         0         0         0         0         0         0         0         0         0         0         0         0         0         0         0         0       
   0         0         0         0         0         0         0         0         0         0         0         0         0         0         0         0         0         0       
   0         0         0         0         0         0         0         0         0         0         0         0         0         0         0         0         0         0       

QLU
   0         0         0         0         0         0         0         0         0         0         0         0         0         0         0         0         0         0       
   0         0         0         0         0         0         0         0         0         0         0         0         0         0         0         0         0         0       
   0         0         0         0         0         0         0         0         0         0         0         0         0         0         0         0         0         0       
   0         0         0         0         0         0         0         0         0         0         0         0         0         0         0         0         0         0       
   0         0         0         0         0         0         0         0         0         0         0         0         0         0         0         0         0         0       
   0         0         0         0         0         0         0         0         0         0         0         0         0         0         0         0         0         0       
   0         0         0         0         0         0         0         0         0         0         0         0         0         0         0         0         0         0       
   0         0         0         0         0         0         0         0         0         0         0         0         0         0         0         0         0         0       
   0         0         0         0         0         0         0         0         0         0         0         0         0         0         0         0         0         0       
   0         0         0         0         0         0         0         0         0         0         0         0         0         0         0         0         0         0       
   0         0         0         0         0         0         0         0         0         0         0         0         0         0         0         0         0         0       
   0         0         0         0         0         0         0         0         0         0         0         0         0         0         0         0         0         0       
   0         0         0         0         0         0         0         0         0         0         0         0         0         0         0         0         0         0       
   0         0         0         0         0         0         0         0         0         0         0         0         0         0         0         0         0         0       
   0         0         0         0         0         0         0         0         0         0         0         0         0         0         0         0         0         0       
   0         0         0         0         0         0         0         0         0         0         0         0         0         0         0         0         0         0       
   0         0         0         0         0         0         0         0         0         0         0         0         0         0         0         0         0         0       
   0         0         0         0         0         0         0         0         0         0         0         0         0         0         0         0         0         0       

CONTACT
CVEL
   0         0         0         0         0         0       
   0         0         0         0         0         0       
   0         0         0         0         0         0       
   0         0         0         0         0         0       
   0         0         0         0         0         0       
   0         0         0         0         0         0       
   0         0         0         0         0         0       
   0         0         0         0         0         0       
   0         0         0         0         0         0       
   0         0         0         0         0         0       
   0         0         0         0         0         0       
   0         0         0         0         0         0       
   0         0         0         0         0         0       
   0         0         0         0         0         0       

CDOF_DOT
   0         0         0         0         0         0       
   0         0         0         0         0         0       
   0         0         0         0         0         0       
   0         0         0         0         0         0       
   0         0         0         0         0         0       
   0         0         0         0         0         0       
   0         0         0         0         0         0       
   0         0         0         0         0         0       
   0        -0         0         0         0         0       
   0         0         0         0         0         0       
   0         0         0         0         0         0       
   0         0         0         0         0         0       
   0         0         0         0         0         0       
   0         0         0         0         0         0       
   0        -0         0         0         0         0       
   0         0         0         0         0         0       
   0         0         0         0         0         0       
   0         0         0         0         0         0       

QFRC_BIAS
   0       
   0       
   1.4e+02 
   0.029   
  -2.2     
   0       
  -1.1     
  -0.0029  
   0.0011  
   0.57    
  -0.063   
   5e-06   
  -1.1     
   0.0029  
  -0.0011  
   0.58    
  -0.063   
   5e-06   

QFRC_PASSIVE
   0       
   0       
   0       
   0       
   0       
   0       
   0       
   0       
   0       
   0       
   0       
   0       
   0       
   0       
   0       
   0       
   0       
   0       

SUBTREE_LINVEL
   0         0         0       
   0         0         0       
   0         0         0       
   0         0         0       
   0         0         0       
   0         0         0       
   0         0         0       
   0         0         0       
   0         0         0       
   0         0         0       
   0         0         0       
   0         0         0       
   0         0         0       
   0         0         0       

SUBTREE_ANGMOM
   0         0         0       
   0         0         0       
   0         0         0       
   0         0         0       
   0         0         0       
   0         0         0       
   0         0         0       
   0         0         0       
   0         0         0       
   0         0         0       
   0         0         0       
   0         0         0       
   0         0         0       
   0         0         0       

QFRC_ACTUATOR
   0       
   0       
   0       
   0       
   0       
   0       
   0       
   0       
   0       
   0       
   0       
   0       
   0       
   0       
   0       
   0       
   0       
   0       

QFRC_SMOOTH
   0       
   0       
  -1.4e+02 
  -0.029   
   2.2     
   0       
   1.1     
   0.0029  
  -0.0011  
  -0.57    
   0.063   
  -5e-06   
   1.1     
  -0.0029  
   0.0011  
  -0.58    
   0.063   
  -5e-06   

QACC_SMOOTH
  -2e-16   
  -5.1e-16 
  -9.8     
  -4.1e-15 
  -2.2e-15 
  -3.6e-15 
  -9.3e-16 
   2.9e-14 
   5.2e-14 
  -1.2e-15 
  -3e-14   
   3.4e-14 
  -8e-15   
   9.2e-15 
   1.2e-14 
   3.8e-14 
  -7.3e-14 
   7.8e-14 

QFRC_CONSTRAINT
   0       
   0       
   0       
   0       
   0       
   0       
   0       
   0       
   0       
   0       
   0       
   0       
   0       
   0       
   0       
   0       
   0       
   0       

QFRC_INVERSE
   0       
   0       
   0       
   0       
   0       
   0       
   0       
   0       
   0       
   0       
   0       
   0       
   0       
   0       
   0       
   0       
   0       
   0       

CACC
   0         0         0         0         0         0       
   0         0         0         0         0         0       
   0         0         0         0         0         0       
   0         0         0         0         0         0       
   0         0         0         0         0         0       
   0         0         0         0         0         0       
   0         0         0         0         0         0       
   0         0         0         0         0         0       
   0         0         0         0         0         0       
   0         0         0         0         0         0       
   0         0         0         0         0         0       
   0         0         0         0         0         0       
   0         0         0         0         0         0       
   0         0         0         0         0         0       

CFRC_INT
   0         0         0         0         0         0       
   0         0         0         0         0         0       
   0         0         0         0         0         0       
   0         0         0         0         0         0       
   0         0         0         0         0         0       
   0         0         0         0         0         0       
   0         0         0         0         0         0       
   0         0         0         0         0         0       
   0         0         0         0         0         0       
   0         0         0         0         0         0       
   0         0         0         0         0         0       
   0         0         0         0         0         0       
   0         0         0         0         0         0       
   0         0         0         0         0         0       

CFRC_EXT
   0         0         0         0         0         0       
   0         0         0         0         0         0       
   0         0         0         0         0         0       
   0         0         0         0         0         0       
   0         0         0         0         0         0       
   0         0         0         0         0         0       
   0         0         0         0         0         0       
   0         0         0         0         0         0       
   0         0         0         0         0         0       
   0         0         0         0         0         0       
   0         0         0         0         0         0       
   0         0         0         0         0         0       
   0         0         0         0         0         0       
   0         0         0         0         0         0       

